Multiple size <= 100
TEST 1 ARG:24 67 98 55 92 87 74 96 91 9 41 70 65 30 39 34 21 93 5 83 42 25 77 7 2 23 28 10 53 15 76 63 54 19 0 44 52 78 82 33 79 22 8 32 26 86 18 6 68 60 95 17 11 75 58 71 88 50 46 99 14 48 59 57 29 38 27 64 45 69 1 4 80 61 47 20 73 62 94 36 49 31 81 85 37 51 90 16 89 12 56 3 13 84 40 97 43 66 35 72
TEST 2 ARG:42 43 51 0 87 68 3 95 81 77 72 56 58 26 60 52 90 7 13 4 75 18 33 76 71 37 47 98 59 23 61 65 11 25 22 27 5 29 57 30 38 31 91 64 12 34 32 97 17 67 40 73 39 80 66 69 19 21 28 36 94 44 93 15 92 9 54 78 79 24 84 62 89 82 96 41 50 48 88 85 8 14 74 1 83 20 99 70 45 86 2 16 49 55 53 63 46 35 6 10
TEST 3 ARG:27 91 52 14 70 39 94 32 23 15 12 99 34 95 90 18 59 7 89 28 16 62 1 25 40 82 46 86 56 69 35 20 13 29 51 84 37 38 61 41 55 73 30 79 9 80 43 0 72 26 78 67 50 48 3 17 47 44 60 5 2 10 97 71 98 6 19 58 45 22 4 75 53 85 74 49 57 68 33 54 81 36 65 88 42 96 77 63 64 83 76 11 92 31 24 93 87 21 8 66
TEST 4 ARG:89 74 22 50 20 33 29 70 38 94 2 90 75 51 10 82 4 76 52 68 14 97 71 18 8 24 73 28 7 78 63 13 81 72 39 44 27 67 65 19 96 42 80 57 58 26 84 77 54 92 43 95 93 88 9 15 11 37 49 83 86 56 23 35 66 41 40 0 17 21 53 99 1 62 98 25 5 91 85 61 31 48 12 30 47 32 64 3 45 46 16 6 34 59 69 87 79 55 60 36
TEST 5 ARG:69 9 87 40 26 95 91 55 86 44 96 5 64 90 68 18 52 74 45 10 33 56 23 1 39 53 78 16 11 65 50 58 85 38 41 66 27 48 84 62 72 99 82 49 7 34 42 31 67 97 51 4 8 92 63 32 17 73 98 37 80 57 88 22 21 76 2 46 19 30 43 81 94 71 70 20 93 77 29 6 15 25 36 59 35 75 3 28 0 61 89 14 54 60 13 83 79 24 12 47
TEST 6 ARG:25 6 12 94 72 62 99 33 35 88 39 20 29 30 11 54 13 7 83 37 19 28 40 57 36 0 73 56 43 65 16 31 98 79 87 60 71 32 14 21 24 61 81 97 69 74 80 5 44 84 15 86 42 53 63 91 4 70 89 22 27 82 55 8 45 9 52 26 90 66 67 68 76 17 59 2 50 47 49 93 51 1 3 96 85 58 77 23 46 75 48 41 10 95 78 18 38 34 92 64
TEST 7 ARG:73 40 77 57 27 4 89 96 21 33 70 3 58 12 79 66 29 17 41 20 72 52 6 60 7 50 64 54 34 13 91 83 63 16 47 99 69 61 22 44 90 68 45 97 48 71 32 9 84 86 38 36 5 56 18 46 94 53 1 82 37 25 19 85 75 28 42 55 67 8 14 59 35 30 39 51 78 87 49 11 15 2 43 0 31 10 80 74 93 26 92 81 65 76 62 24 98 88 95 23
TEST 8 ARG:42 53 13 20 84 19 72 0 90 54 98 74 71 38 52 44 68 39 40 8 35 21 26 93 6 99 24 78 49 82 61 7 2 51 50 14 64 37 16 95 70 10 41 43 92 46 67 79 59 1 3 31 58 9 47 57 86 34 28 91 17 11 87 5 63 29 94 76 77 80 62 15 4 60 32 75 66 65 88 56 97 36 55 81 12 23 96 27 30 22 18 48 69 45 33 73 83 25 89 85
TEST 9 ARG:38 19 1 51 91 25 67 65 13 61 71 39 86 95 82 9 15 81 83 8 32 42 16 62 43 27 11 45 33 44 79 78 64 72 93 68 74 20 31 56 35 63 70 36 17 76 46 52 99 85 21 3 69 10 59 26 2 75 23 47 22 30 6 53 73 97 89 88 29 54 57 14 50 49 41 55 84 60 37 18 58 66 28 92 34 90 94 0 87 5 96 48 24 7 77 4 80 12 98 40
TEST 10 ARG:80 4 69 82 72 40 2 0 83 39 1 18 33 9 19 59 62 50 67 17 21 24 8 63 49 26 22 75 51 79 70 52 91 94 7 44 96 13 73 41 35 87 31 25 28 15 46 58 11 5 64 30 43 48 92 45 65 78 95 34 54 89 74 93 10 76 32 37 42 61 14 36 29 56 60 90 99 98 16 23 12 68 20 88 85 47 66 3 55 6 53 77 71 84 27 38 97 81 57 86
TEST 11 ARG:23 60 63 27 98 70 24 39 92 95 65 16 78 67 73 12 85 22 9 79 19 56 13 41 26 52 80 3 84 49 68 38 76 50 72 66 90 33 59 30 99 46 69 88 89 21 45 44 87 8 1 86 48 62 83 5 61 0 2 17 53 34 28 40 20 96 77 71 81 82 64 93 47 51 37 75 55 94 6 58 54 31 18 7 10 29 4 11 35 15 43 97 74 14 42 91 32 57 36 25
TEST 12 ARG:19 24 66 45 20 37 93 2 71 94 3 41 17 51 28 74 79 43 82 65 36 0 73 95 75 86 81 63 53 13 69 78 84 54 92 4 72 59 26 68 22 39 62 87 98 14 90 18 9 91 58 11 25 7 83 8 47 33 76 15 34 50 16 88 55 49 31 97 64 6 23 57 80 46 77 40 27 70 96 56 42 85 35 12 52 67 38 99 1 29 30 89 60 48 61 32 21 44 5 10
TEST 13 ARG:23 95 54 1 9 13 21 30 19 76 41 51 60 26 56 96 37 84 70 86 8 28 87 67 92 99 62 72 36 29 97 45 73 94 91 6 93 2 90 59 68 4 69 82 38 43 22 57 89 40 66 27 64 14 98 53 15 71 17 83 85 50 81 49 11 79 35 16 39 24 12 46 7 0 31 34 75 61 33 65 3 5 48 32 18 77 88 58 10 52 55 63 25 74 78 44 80 42 20 47
TEST 14 ARG:46 51 0 1 57 36 50 83 66 26 24 68 25 37 69 3 20 34 79 38 40 91 6 16 22 27 15 93 45 84 49 43 5 96 82 81 70 28 73 19 35 48 87 29 98 21 54 59 65 4 56 76 92 8 77 30 32 64 11 7 17 61 23 44 89 86 52 78 31 60 41 72 88 42 67 62 2 63 74 53 55 18 80 75 10 95 47 97 9 71 14 33 99 58 12 94 90 39 85 13
TEST 15 ARG:8 36 57 78 56 42 98 43 20 21 49 29 12 77 92 50 66 59 2 40 13 4 61 64 15 91 60 89 63 26 45 73 79 99 81 34 22 70 71 10 88 85 51 68 86 32 0 72 6 82 46 62 97 23 76 58 28 94 33 17 1 52 74 41 24 39 48 53 16 90 27 67 7 35 54 65 9 19 30 38 18 69 83 3 95 47 37 44 75 25 55 93 11 84 87 96 80 31 5 14
TEST 16 ARG:30 29 34 18 23 66 41 16 22 54 48 46 47 97 53 87 75 50 3 80 74 72 42 19 63 4 84 81 57 24 9 83 45 91 36 33 39 49 79 69 27 62 20 61 7 98 13 68 8 40 67 86 1 44 94 70 88 82 60 21 38 32 55 85 11 6 95 52 37 96 64 14 28 56 73 26 65 99 93 90 78 51 2 17 15 76 25 71 59 77 0 5 92 10 31 12 35 89 58 43
TEST 17 ARG:50 45 42 13 99 41 11 34 25 98 72 17 18 97 4 57 71 91 94 53 12 7 75 22 78 80 27 65 15 43 24 70 74 46 49 79 3 36 35 52 37 90 77 20 84 60 8 62 66 26 23 32 16 31 14 1 81 95 30 2 28 40 39 56 96 67 73 5 61 89 69 44 59 82 85 38 76 68 10 83 21 87 9 48 86 29 19 33 0 47 63 51 64 88 93 92 58 55 54 6
TEST 18 ARG:6 1 96 59 49 90 70 33 42 84 79 57 62 45 23 26 50 97 94 95 77 32 24 41 73 54 52 36 18 0 15 67 5 80 9 81 83 58 65 72 10 68 34 88 93 75 82 44 12 46 20 7 53 25 13 87 99 74 3 69 22 43 85 38 37 27 48 92 29 98 28 91 71 64 40 89 8 61 78 30 51 76 2 35 63 60 47 11 19 55 14 17 39 66 4 21 16 86 31 56
TEST 19 ARG:30 51 52 27 13 74 19 79 59 8 66 90 67 39 64 97 21 29 20 28 54 87 49 99 10 56 85 57 76 82 53 96 86 83 50 9 7 94 12 81 17 31 5 37 43 22 89 15 6 3 95 35 42 16 58 34 72 44 63 36 93 69 84 1 55 4 26 80 14 25 73 71 2 91 78 45 23 46 60 98 32 38 88 47 62 92 40 33 65 68 75 77 70 11 0 18 48 24 41 61
TEST 20 ARG:42 7 78 86 35 32 24 94 74 6 43 40 84 64 37 62 16 22 45 81 95 28 75 41 8 63 80 65 52 50 59 47 72 13 1 36 99 18 61 31 49 46 12 92 44 70 25 11 9 34 33 98 27 79 90 88 54 21 56 51 10 29 58 96 82 26 60 0 19 93 5 20 15 87 53 4 67 91 66 2 76 3 17 14 57 73 68 38 30 71 69 48 77 23 85 89 39 55 97 83
TEST 21 ARG:92 27 2 44 21 73 5 53 95 28 23 29 85 39 89 75 63 17 67 46 98 55 8 22 90 65 82 58 45 80 0 11 6 14 3 38 83 4 64 51 12 97 71 35 57 78 43 33 87 68 42 72 48 49 69 13 16 31 79 93 56 34 88 32 70 20 54 19 81 60 1 25 36 30 96 7 47 52 99 9 26 59 15 24 86 76 74 40 37 41 62 10 50 18 94 66 84 61 77 91
TEST 22 ARG:39 95 36 27 87 49 79 86 9 34 50 78 33 77 43 68 6 14 47 44 5 0 48 71 74 42 91 61 4 90 99 11 65 29 38 45 17 56 26 80 12 85 2 59 69 22 76 51 21 70 24 89 81 28 10 88 73 23 82 75 97 62 30 16 7 15 64 3 60 25 67 1 98 54 40 93 58 83 84 41 92 63 53 55 94 66 57 8 18 72 32 52 13 20 37 35 46 19 31 96
TEST 23 ARG:39 99 95 16 42 91 49 1 0 19 60 31 75 62 17 55 84 38 93 29 58 73 8 25 76 34 59 96 63 50 6 72 47 85 69 94 82 14 53 43 40 22 10 74 5 24 97 7 78 89 88 70 92 3 81 61 11 27 64 80 54 41 4 33 45 44 79 68 32 12 52 21 28 51 23 71 26 66 20 77 98 48 56 36 57 83 90 46 15 87 13 67 18 30 2 65 35 9 86 37
TEST 24 ARG:27 97 1 26 93 47 63 14 99 98 71 91 8 20 49 5 7 79 34 65 28 51 39 35 44 77 81 9 90 72 21 54 83 59 57 37 82 3 68 67 69 96 48 66 64 60 86 95 89 29 13 19 6 45 78 10 58 31 41 62 33 32 61 87 0 16 76 2 74 42 43 46 53 23 75 11 85 4 12 40 24 18 94 15 38 22 88 70 30 36 73 52 50 55 56 17 92 25 84 80
TEST 25 ARG:38 1 95 3 6 13 45 48 58 28 30 18 35 9 59 27 84 80 23 12 69 5 15 10 79 85 74 65 97 4 94 51 41 93 87 86 75 34 77 16 29 33 54 72 40 8 96 43 42 66 53 20 24 36 90 70 83 57 14 71 39 78 73 31 19 98 49 21 7 52 60 67 37 22 32 82 26 44 61 91 62 92 81 68 0 25 88 17 55 64 56 2 63 89 50 99 76 47 11 46
TEST 26 ARG:70 20 68 12 55 62 95 93 5 37 46 10 85 86 60 19 66 98 83 88 21 25 73 49 45 24 97 43 57 2 77 23 61 48 39 78 96 47 34 76 94 42 69 16 17 64 81 72 40 36 91 74 1 52 41 9 26 15 65 27 30 22 14 11 33 13 35 18 31 50 67 29 51 38 90 87 92 84 4 8 3 80 56 89 99 44 59 63 53 6 28 7 79 71 32 0 82 54 75 58
TEST 27 ARG:16 74 44 96 80 49 68 45 77 86 62 76 56 10 83 71 7 64 60 52 79 70 92 78 20 5 65 42 67 12 53 94 27 73 93 97 63 51 0 43 61 22 26 47 24 66 32 90 23 19 48 13 34 40 55 99 35 2 25 4 39 98 30 36 46 59 31 95 6 3 89 9 37 15 11 17 75 82 58 87 8 84 21 50 88 41 18 33 81 54 38 1 57 85 91 72 69 29 14 28
TEST 28 ARG:8 42 0 65 18 94 46 24 19 34 41 66 17 22 58 30 97 28 77 72 9 47 52 5 96 68 43 13 35 71 33 59 23 82 67 11 45 60 61 73 70 49 99 93 1 86 48 38 78 26 29 25 62 21 64 39 69 37 12 87 50 98 32 74 91 7 80 92 6 84 10 44 51 95 14 56 53 15 75 81 83 16 63 40 2 79 27 3 85 31 4 57 20 89 90 36 88 54 55 76
TEST 29 ARG:24 4 33 43 21 37 66 41 46 59 53 19 60 31 5 2 62 0 98 85 70 8 57 15 14 9 82 67 89 36 71 48 75 81 84 10 20 30 56 28 87 64 63 86 99 51 40 3 77 90 54 72 88 1 91 7 94 65 27 93 49 34 55 69 92 78 35 80 79 47 45 50 38 22 6 25 52 83 58 73 76 23 17 97 44 13 32 16 29 26 11 61 39 68 12 42 18 95 96 74
TEST 30 ARG:43 15 1 75 48 36 76 57 95 72 41 20 11 91 73 3 49 13 71 19 50 89 90 34 14 94 51 40 80 42 85 12 29 32 23 6 53 65 79 22 21 67 8 97 38 70 39 58 93 69 26 2 25 64 96 18 5 86 98 28 24 52 60 82 87 0 74 35 63 16 10 77 81 47 61 83 45 54 99 62 92 56 46 84 55 7 37 9 17 59 68 4 27 78 44 88 66 30 33 31
TEST 31 ARG:26 84 80 65 98 20 81 45 5 89 96 95 37 86 62 9 21 57 79 42 46 99 16 43 28 77 92 18 73 24 48 47 67 8 23 10 78 39 63 0 72 55 56 49 29 17 25 19 4 91 12 90 34 7 82 83 93 60 87 6 30 14 69 51 76 11 94 31 75 66 13 1 36 3 85 35 41 97 74 50 33 71 52 61 59 54 22 53 27 70 15 44 32 58 68 2 40 88 38 64
TEST 32 ARG:33 7 31 12 64 41 99 4 19 3 24 40 15 85 71 98 34 69 18 25 83 13 16 44 82 8 90 35 20 55 43 91 46 95 94 54 58 79 93 28 89 5 23 2 0 6 86 36 27 72 80 53 17 14 59 68 21 73 10 74 32 67 87 47 11 37 49 84 22 52 75 9 81 76 42 78 38 61 63 30 92 39 60 65 26 1 56 29 57 97 88 96 48 50 45 77 70 51 66 62
TEST 33 ARG:94 49 78 39 83 22 76 57 29 93 72 47 41 34 68 98 5 63 80 71 62 20 18 55 77 84 21 19 6 96 13 59 67 89 50 37 74 88 48 28 85 8 99 9 69 23 44 33 95 40 38 12 42 52 97 66 36 1 26 45 87 25 2 91 7 11 35 70 92 79 58 54 82 17 64 3 32 24 51 65 10 4 61 31 15 60 53 86 30 16 46 90 43 75 14 56 27 0 81 73
TEST 34 ARG:5 96 88 38 27 33 7 42 8 45 17 32 87 92 67 90 12 66 58 3 91 72 83 18 48 52 55 62 36 85 56 54 20 73 60 11 1 23 25 59 26 95 34 63 19 68 79 44 97 81 10 46 49 80 75 70 98 57 43 61 77 71 31 39 53 74 30 93 41 64 4 6 89 78 50 37 9 65 16 13 94 28 86 14 21 51 40 0 29 76 69 24 82 47 2 22 35 15 99 84
TEST 35 ARG:49 43 41 30 2 72 71 17 88 82 25 21 59 22 44 37 67 87 79 1 63 51 36 53 80 93 95 86 35 85 92 20 81 46 24 4 61 89 28 54 0 91 26 13 6 27 58 55 50 10 39 96 62 42 8 32 97 15 18 14 48 60 23 40 66 78 68 75 64 11 7 74 90 84 29 69 56 34 57 38 65 31 99 76 45 16 19 70 5 98 52 9 77 83 47 3 94 73 12 33
TEST 36 ARG:22 80 53 31 70 18 86 85 49 67 15 34 42 5 90 45 91 29 10 37 59 46 13 9 52 33 95 12 93 26 28 96 2 27 99 30 56 55 72 78 20 68 62 44 23 38 16 39 8 58 41 0 77 92 94 82 24 43 65 88 40 4 89 11 32 98 48 60 83 81 71 36 57 25 61 3 50 87 35 17 66 14 69 6 79 19 47 73 21 7 97 54 63 74 64 1 75 84 76 51
TEST 37 ARG:86 41 46 66 54 60 79 82 43 29 83 72 9 1 95 70 58 31 5 53 87 16 52 63 26 88 40 50 8 2 17 14 91 0 3 25 4 10 98 57 33 77 80 99 38 62 71 90 68 61 76 35 12 11 45 81 36 34 22 19 64 13 37 85 21 97 65 20 28 24 32 93 69 55 30 59 48 67 7 47 6 27 23 84 51 78 44 92 74 15 96 89 39 56 75 42 73 94 18 49
TEST 38 ARG:30 28 64 60 88 13 21 61 0 52 63 18 73 44 23 26 17 83 98 22 14 99 62 5 91 87 6 71 48 32 15 50 51 95 1 72 69 67 34 97 39 96 92 41 89 54 93 65 19 74 66 29 90 27 75 47 33 31 81 36 8 55 2 40 3 58 56 49 82 70 59 42 77 85 11 43 24 38 57 80 78 68 46 35 79 7 25 86 20 37 10 12 45 53 84 76 4 94 9 16
TEST 39 ARG:27 44 48 81 95 15 70 41 7 14 25 39 83 30 52 73 54 58 47 77 62 0 9 13 63 36 50 80 38 24 84 37 1 20 5 18 60 23 17 51 94 76 22 69 90 42 93 33 6 29 96 64 16 12 75 98 10 21 72 79 4 28 78 43 71 92 82 8 26 97 11 59 45 65 91 88 55 99 53 40 66 89 67 56 68 34 46 35 32 85 3 61 87 57 31 49 86 2 74 19
TEST 40 ARG:30 54 98 3 47 50 24 88 68 82 21 9 28 74 1 11 43 65 92 49 48 67 41 10 61 69 86 35 87 19 76 53 96 40 38 89 26 37 59 66 52 99 13 79 4 39 77 6 81 71 27 15 23 5 17 16 84 97 78 63 45 83 70 51 56 0 32 42 85 94 33 18 91 72 93 2 22 25 44 57 46 14 62 7 20 58 73 95 31 29 75 80 90 64 36 55 60 12 8 34
TEST 41 ARG:5 91 87 39 30 41 4 89 12 62 23 28 13 42 35 38 78 3 46 64 77 40 92 81 34 79 52 74 71 48 2 11 20 22 45 68 10 86 16 73 72 36 69 6 54 7 37 76 25 84 94 32 26 98 17 90 61 82 85 57 75 55 60 56 18 31 88 49 15 33 0 63 67 50 51 70 29 99 21 80 97 83 27 14 66 95 58 24 47 59 9 1 96 93 43 53 19 8 44 65
TEST 42 ARG:31 91 1 94 9 71 8 98 64 37 42 39 22 92 61 85 47 32 28 67 77 49 95 3 27 33 62 12 76 80 15 48 23 4 6 16 10 30 68 50 38 81 18 58 53 65 63 13 79 99 17 87 59 90 70 89 52 0 11 54 88 96 46 74 75 19 57 35 73 97 69 41 21 26 14 43 7 40 82 66 20 5 25 51 83 34 78 29 36 86 56 93 55 84 60 72 24 45 2 44
TEST 43 ARG:85 5 52 53 50 40 78 4 31 7 57 43 26 3 65 72 79 86 82 49 71 42 73 16 61 41 91 83 29 13 87 92 80 58 0 10 84 63 45 30 22 14 36 18 97 64 38 34 47 35 60 15 56 62 51 68 96 93 98 2 21 70 39 67 44 95 32 1 17 69 89 77 19 55 8 88 46 28 25 48 33 6 75 90 37 94 11 76 99 54 24 20 74 27 81 9 23 12 59 66
TEST 44 ARG:36 82 74 35 28 45 48 27 89 18 7 62 67 14 58 26 71 84 90 87 0 23 41 69 95 93 16 31 8 72 12 91 1 53 5 96 40 98 68 77 42 46 24 15 83 13 20 33 78 55 17 10 19 29 63 11 37 9 75 21 94 50 66 85 99 52 54 39 22 81 32 88 51 56 44 61 4 92 3 97 25 80 38 59 6 34 49 73 64 79 57 30 60 65 2 43 70 47 76 86
TEST 45 ARG:25 23 66 28 92 94 81 95 77 1 13 84 65 96 50 22 31 89 20 58 82 37 7 55 47 97 83 46 15 85 10 52 40 78 72 12 24 80 41 74 86 59 0 62 63 70 27 33 93 8 39 18 43 3 79 36 75 38 11 32 73 67 53 71 68 54 91 98 2 61 29 6 88 19 44 56 51 4 90 76 42 35 30 9 17 34 5 87 60 99 57 64 49 21 26 14 69 45 48 16
TEST 46 ARG:67 99 91 44 4 45 33 40 38 76 39 87 52 77 36 55 31 8 64 89 14 88 96 56 72 19 35 70 73 80 16 66 48 75 26 83 18 9 90 34 6 84 82 23 85 13 43 93 79 7 5 29 0 69 20 10 37 17 21 61 25 46 53 1 3 98 63 78 68 47 54 15 11 57 22 12 50 27 81 62 24 2 51 49 42 58 92 65 28 30 59 74 60 71 86 97 41 32 95 94
TEST 47 ARG:67 93 46 41 38 20 73 75 71 26 22 25 87 90 49 79 53 5 24 11 19 0 83 4 70 8 57 80 82 45 43 21 1 91 76 2 7 66 35 98 29 96 16 44 50 6 85 48 51 62 88 56 28 54 81 58 65 84 60 34 61 68 59 74 89 55 30 99 13 23 33 47 32 69 72 78 52 92 42 17 14 77 36 31 15 86 12 94 97 9 3 95 64 37 18 40 27 63 39 10
TEST 48 ARG:46 8 2 92 93 72 30 96 62 37 82 39 87 41 20 22 54 44 16 5 84 10 64 3 28 73 0 4 34 21 80 61 43 83 60 75 71 98 11 14 86 70 24 7 65 13 23 25 81 42 40 6 76 63 77 66 45 26 19 29 57 78 47 95 74 49 88 50 90 27 85 89 56 79 12 67 48 9 91 55 59 52 51 38 15 32 36 94 18 53 99 58 1 69 97 68 17 35 31 33
TEST 49 ARG:56 84 96 71 28 53 65 79 8 70 73 98 69 10 47 44 75 2 26 66 3 6 68 4 18 5 88 83 81 22 34 42 17 54 67 38 27 0 32 87 11 78 60 50 41 35 39 58 85 59 89 30 31 14 46 24 51 12 99 82 36 40 19 63 1 97 90 64 77 74 13 55 91 20 23 76 33 43 52 94 45 16 15 62 48 72 61 93 49 86 7 57 80 92 95 25 29 37 21 9
TEST 50 ARG:54 24 65 8 16 12 15 14 44 9 86 93 92 20 41 32 50 74 96 40 61 47 21 5 67 39 79 62 95 27 23 89 31 36 13 77 85 25 97 18 81 73 49 71 11 30 59 46 88 52 48 26 37 17 28 56 91 68 29 82 80 45 19 35 38 99 58 75 1 70 66 2 55 42 10 84 34 94 87 76 22 90 7 64 0 53 4 33 57 3 78 51 72 60 69 98 6 43 83 63
TEST 51 ARG:40 63 74 47 20 30 48 23 54 78 80 5 12 69 73 89 60 29 56 26 68 6 10 88 21 85 84 37 90 15 36 46 13 41 34 87 3 62 43 52 76 16 64 31 7 51 14 97 24 91 99 8 4 33 49 45 93 11 42 28 95 9 70 59 66 1 96 2 25 75 83 81 50 65 38 92 19 22 0 35 71 27 67 79 18 61 57 39 55 44 58 17 98 32 82 94 86 72 53 77
TEST 52 ARG:1 70 77 55 73 94 35 68 25 62 47 43 81 17 72 99 24 13 34 51 28 71 14 54 44 80 12 95 6 23 18 74 33 86 5 26 45 7 98 15 16 88 69 11 57 76 58 30 8 61 2 93 22 65 97 19 56 52 59 37 92 89 91 29 63 9 20 39 79 27 60 10 53 0 67 3 66 96 90 32 38 50 82 87 49 84 85 78 36 75 48 41 40 31 4 64 42 83 46 21
TEST 53 ARG:35 90 11 15 33 92 9 64 34 52 13 83 32 8 54 70 6 45 99 98 29 26 56 7 24 51 53 25 62 88 84 20 39 12 66 5 86 95 63 3 74 18 85 38 93 46 72 41 36 59 43 79 80 81 87 44 4 19 91 61 75 14 57 42 10 89 1 58 76 21 77 27 48 67 65 31 78 37 82 55 97 22 73 71 0 69 16 28 40 94 49 30 17 68 2 96 60 50 23 47
TEST 54 ARG:54 3 57 62 41 42 58 7 13 85 33 60 53 15 76 44 19 18 91 0 79 5 45 10 71 89 40 8 78 95 68 86 30 64 49 37 56 81 84 88 75 94 2 25 90 50 47 83 29 27 87 34 67 39 97 77 24 96 69 98 14 52 17 6 74 73 48 26 20 93 22 23 11 66 92 70 35 55 61 21 4 99 82 59 43 51 36 1 16 72 12 38 80 32 46 65 63 9 31 28
TEST 55 ARG:24 56 41 47 18 1 55 11 89 15 43 3 19 22 26 76 35 84 9 36 5 97 20 93 50 33 28 38 4 51 92 99 78 25 90 14 83 63 69 65 68 54 71 94 75 39 16 13 31 37 88 10 34 48 57 0 72 66 46 85 79 81 80 17 53 91 30 70 42 2 21 32 8 64 60 74 98 87 40 95 58 27 73 49 96 44 62 45 82 7 29 61 23 6 12 86 77 52 67 59
TEST 56 ARG:56 71 55 22 75 30 62 20 59 86 63 61 14 90 85 18 5 41 99 8 46 29 7 78 87 52 24 2 4 10 92 32 42 3 35 91 67 12 70 49 44 97 93 31 95 81 88 51 45 58 23 68 77 84 66 82 13 50 74 94 43 36 83 65 15 73 47 57 34 37 72 16 76 6 28 53 1 33 39 11 40 89 0 27 25 54 26 21 98 38 17 79 48 96 69 9 80 60 64 19
TEST 57 ARG:65 0 67 73 34 64 56 38 70 91 5 20 40 51 36 7 43 30 48 71 89 49 57 78 62 26 22 45 25 24 88 18 23 12 87 58 66 21 55 11 96 3 35 54 92 98 17 33 14 52 84 2 79 29 44 39 63 99 4 10 32 28 6 68 1 95 27 85 76 9 19 72 69 42 90 80 74 47 37 60 46 13 77 97 83 75 15 53 50 81 94 59 8 86 16 82 41 93 61 31
TEST 58 ARG:38 56 27 95 29 91 2 82 33 83 85 68 87 52 46 80 25 15 14 84 88 57 4 19 11 70 90 0 47 21 45 13 71 60 18 58 31 77 30 59 64 98 48 6 43 35 53 86 61 63 3 44 9 23 69 41 92 12 26 28 72 8 55 39 22 32 62 40 17 96 93 16 54 66 37 74 73 89 1 99 7 94 36 42 79 76 51 75 49 10 50 24 34 81 97 67 20 78 65 5
TEST 59 ARG:14 13 83 59 56 21 9 69 63 96 29 55 19 20 66 33 34 92 67 18 61 77 16 64 88 45 4 94 3 36 15 60 87 10 39 37 81 70 79 0 98 85 17 31 40 84 25 86 23 78 57 76 75 95 90 80 62 42 28 58 41 73 30 5 1 38 71 74 47 44 89 54 48 72 49 43 8 24 32 6 99 65 51 2 97 82 53 91 35 68 93 11 50 26 52 7 27 22 12 46
TEST 60 ARG:96 37 22 49 29 8 93 65 70 42 38 31 92 79 72 60 78 13 33 34 80 10 39 46 4 64 68 69 41 24 74 18 77 55 83 91 51 98 52 48 20 6 99 87 35 25 95 63 26 19 56 28 66 36 11 67 43 73 7 89 94 30 97 86 23 58 0 76 75 15 71 32 57 45 47 17 27 40 61 2 21 85 59 44 62 90 82 1 16 53 12 81 88 9 84 14 3 5 54 50
TEST 61 ARG:55 0 28 62 21 95 27 86 15 48 11 24 68 2 85 42 49 36 43 5 66 20 97 7 30 16 57 96 61 38 54 56 6 99 58 94 63 83 22 44 70 89 45 73 59 10 12 9 91 60 64 79 51 18 80 19 33 26 72 41 84 32 23 78 37 50 31 3 8 14 47 93 82 35 34 69 87 46 4 67 52 25 13 65 81 92 75 40 90 88 74 17 77 39 76 98 1 71 29 53
TEST 62 ARG:92 47 75 85 23 62 8 58 5 25 40 2 18 63 26 79 53 68 59 86 99 66 65 98 56 9 32 76 57 7 34 60 41 12 6 71 1 37 27 67 30 84 20 91 45 69 46 52 21 24 81 95 93 44 48 87 90 28 29 96 15 10 61 49 50 22 74 83 14 36 4 3 51 78 89 42 73 80 13 72 55 38 70 82 88 16 19 97 54 64 94 33 39 11 35 77 31 0 43 17
TEST 63 ARG:68 1 36 94 11 60 55 24 28 86 47 29 33 44 16 26 14 98 53 37 45 73 32 6 7 83 74 64 56 13 71 82 38 51 34 92 57 17 88 50 3 90 0 40 77 93 89 2 30 96 12 78 42 65 69 41 84 4 18 91 67 70 87 19 25 75 23 15 35 52 10 80 79 46 62 39 72 5 48 59 66 81 99 63 97 21 61 31 95 8 54 43 22 58 85 9 27 76 49 20
TEST 64 ARG:48 94 33 31 8 76 96 74 40 44 86 52 45 97 1 73 43 18 9 12 22 30 49 80 90 11 23 98 54 72 89 87 7 92 21 81 69 34 38 32 66 67 83 41 0 5 13 71 64 17 47 14 77 35 85 56 15 95 88 99 20 91 51 46 63 36 28 78 62 24 4 60 39 19 27 50 6 65 82 16 84 2 10 75 70 57 68 93 29 25 58 42 3 26 79 61 59 55 37 53
TEST 65 ARG:65 78 2 52 86 44 91 37 82 57 36 51 63 39 58 56 47 99 25 49 26 94 90 66 93 28 70 76 12 40 68 92 81 64 22 6 72 18 45 59 75 95 50 89 42 67 97 35 23 24 98 43 8 77 46 11 5 29 32 62 13 10 21 96 69 3 60 54 4 80 1 74 41 7 15 71 55 20 87 30 88 53 83 16 85 38 48 0 14 19 84 73 9 34 79 27 33 17 61 31
